1.00000e-02   0.00000e+00
7.01205e-02   2.25366e-04
1.30241e-01   1.08986e-04
1.90361e-01   1.17354e-03
2.50482e-01   4.93775e-03
3.10602e-01   1.28442e-02
3.70723e-01   2.55912e-02
4.30843e-01   4.21885e-02
4.90964e-01   5.98238e-02
5.51084e-01   7.41132e-02
6.11205e-01   8.34281e-02
6.71325e-01   9.03836e-02
7.31446e-01   9.00089e-02
7.91566e-01   8.40804e-02
8.51687e-01   8.77419e-02
9.11807e-01   8.26969e-02
9.71928e-01   7.55018e-02
1.03205e+00   7.01321e-02
1.09217e+00   6.58604e-02
1.15229e+00   6.00500e-02
1.21241e+00   5.81559e-02
1.27253e+00   5.33667e-02
1.33265e+00   4.77515e-02
1.39277e+00   4.54620e-02
1.45289e+00   4.49708e-02
1.51301e+00   4.10882e-02
1.57313e+00   3.86317e-02
1.63325e+00   3.57407e-02
1.69337e+00   3.21094e-02
1.75349e+00   3.20619e-02
1.81361e+00   3.04404e-02
1.87373e+00   2.77388e-02
1.93386e+00   2.63119e-02
1.99398e+00   2.47787e-02
2.05410e+00   2.43197e-02
2.11422e+00   2.17094e-02
2.17434e+00   2.05959e-02
2.23446e+00   1.99851e-02
2.29458e+00   1.85666e-02
2.35470e+00   1.75844e-02
2.41482e+00   1.73038e-02
2.47494e+00   1.67779e-02
2.53506e+00   1.57514e-02
2.59518e+00   1.47655e-02
2.65530e+00   1.41079e-02
2.71542e+00   1.36494e-02
2.77554e+00   1.31519e-02
2.83566e+00   1.24568e-02
2.89578e+00   1.17441e-02
2.95590e+00   1.13509e-02
3.01602e+00   1.11672e-02
3.07614e+00   1.07736e-02
3.13627e+00   1.01559e-02
3.19639e+00   9.64653e-03
3.25651e+00   9.33626e-03
3.31663e+00   9.05873e-03
3.37675e+00   8.71560e-03
3.43687e+00   8.32034e-03
3.49699e+00   7.90434e-03
3.55711e+00   7.49298e-03
3.61723e+00   7.10546e-03
3.67735e+00   6.75479e-03
3.73747e+00   6.44781e-03
3.79759e+00   6.18516e-03
3.85771e+00   5.96210e-03
3.91783e+00   5.77231e-03
3.97795e+00   5.60990e-03
4.03807e+00   5.46954e-03
4.09819e+00   5.34640e-03
4.15831e+00   5.23619e-03
4.21843e+00   5.13513e-03
4.27855e+00   5.03996e-03
4.33867e+00   4.94798e-03
4.39880e+00   4.85699e-03
4.45892e+00   4.76536e-03
4.51904e+00   4.67202e-03
4.57916e+00   4.57644e-03
4.63928e+00   4.47863e-03
4.69940e+00   4.37917e-03
4.75952e+00   4.27918e-03
4.81964e+00   4.18022e-03
4.87976e+00   4.08377e-03
4.93988e+00   3.99100e-03
5.00000e+00   3.90272e-03
5.06012e+00   3.81943e-03
5.12024e+00   3.74128e-03
5.18036e+00   3.66809e-03
5.24048e+00   3.59934e-03
5.30060e+00   3.53425e-03
5.36072e+00   3.47203e-03
5.42084e+00   3.41205e-03
5.48096e+00   3.35378e-03
5.54108e+00   3.29687e-03
5.60120e+00   3.24108e-03
5.66133e+00   3.18634e-03
5.72145e+00   3.13268e-03
5.78157e+00   3.08021e-03
5.84169e+00   3.02902e-03
5.90181e+00   2.97919e-03
5.96193e+00   2.93076e-03
6.02205e+00   2.88378e-03
6.08217e+00   2.83826e-03
6.14229e+00   2.79421e-03
6.20241e+00   2.75160e-03
6.26253e+00   2.71039e-03
6.32265e+00   2.67054e-03
6.38277e+00   2.63196e-03
6.44289e+00   2.59456e-03
6.50301e+00   2.55825e-03
6.56313e+00   2.52287e-03
6.62325e+00   2.48830e-03
6.68337e+00   2.45437e-03
6.74349e+00   2.42094e-03
6.80361e+00   2.38791e-03
6.86373e+00   2.35517e-03
6.92386e+00   2.32263e-03
6.98398e+00   2.29025e-03
7.04410e+00   2.25798e-03
7.10422e+00   2.22579e-03
7.16434e+00   2.19370e-03
7.22446e+00   2.16170e-03
7.28458e+00   2.12985e-03
7.34470e+00   2.09820e-03
7.40482e+00   2.06682e-03
7.46494e+00   2.03581e-03
7.52506e+00   2.00528e-03
7.58518e+00   1.97537e-03
7.64530e+00   1.94618e-03
7.70542e+00   1.91783e-03
7.76554e+00   1.89038e-03
7.82566e+00   1.86390e-03
7.88578e+00   1.83842e-03
7.94590e+00   1.81397e-03
8.00602e+00   1.79055e-03
8.06614e+00   1.76813e-03
8.12627e+00   1.74668e-03
8.18639e+00   1.72614e-03
8.24651e+00   1.70643e-03
8.30663e+00   1.68746e-03
8.36675e+00   1.66910e-03
8.42687e+00   1.65122e-03
8.48699e+00   1.63366e-03
8.54711e+00   1.61625e-03
8.60723e+00   1.59884e-03
8.66735e+00   1.58130e-03
8.72747e+00   1.56351e-03
8.78759e+00   1.54538e-03
8.84771e+00   1.52685e-03
8.90783e+00   1.50788e-03
8.96795e+00   1.48844e-03
9.02807e+00   1.46853e-03
9.08819e+00   1.44818e-03
9.14831e+00   1.42743e-03
9.20843e+00   1.40635e-03
9.26855e+00   1.38503e-03
9.32867e+00   1.36359e-03
9.38880e+00   1.34216e-03
9.44892e+00   1.32089e-03
9.50904e+00   1.29994e-03
9.56916e+00   1.27945e-03
9.62928e+00   1.25953e-03
9.68940e+00   1.24029e-03
9.74952e+00   1.22180e-03
9.80964e+00   1.20414e-03
9.86976e+00   1.18736e-03
9.92988e+00   1.17148e-03
9.99000e+00   1.15652e-03
1.00501e+01   1.14247e-03
1.01102e+01   1.12931e-03
1.01704e+01   1.11700e-03
1.02305e+01   1.10549e-03
1.02906e+01   1.09470e-03
1.03507e+01   1.08453e-03
1.04108e+01   1.07488e-03
1.04710e+01   1.06564e-03
1.05311e+01   1.05671e-03
1.05912e+01   1.04799e-03
1.06513e+01   1.03939e-03
1.07114e+01   1.03086e-03
1.07716e+01   1.02231e-03
1.08317e+01   1.01368e-03
1.08918e+01   1.00494e-03
1.09519e+01   9.96036e-04
1.10120e+01   9.86938e-04
1.10722e+01   9.77622e-04
1.11323e+01   9.68074e-04
1.11924e+01   9.58287e-04
1.12525e+01   9.48265e-04
1.13127e+01   9.38017e-04
1.13728e+01   9.27560e-04
1.14329e+01   9.16910e-04
1.14930e+01   9.06082e-04
1.15531e+01   8.95093e-04
1.16133e+01   8.83958e-04
1.16734e+01   8.72691e-04
1.17335e+01   8.61306e-04
1.17936e+01   8.49819e-04
1.18537e+01   8.38244e-04
1.19139e+01   8.26594e-04
1.19740e+01   8.14882e-04
1.20341e+01   8.03121e-04
1.20942e+01   7.91325e-04
1.21543e+01   7.79506e-04
1.22145e+01   7.67675e-04
1.22746e+01   7.55846e-04
1.23347e+01   7.44029e-04
1.23948e+01   7.32236e-04
1.24549e+01   7.20478e-04
1.25151e+01   7.08765e-04
1.25752e+01   6.97108e-04
1.26353e+01   6.85517e-04
1.26954e+01   6.74001e-04
1.27555e+01   6.62571e-04
1.28157e+01   6.51234e-04
1.28758e+01   6.40001e-04
1.29359e+01   6.28880e-04
1.29960e+01   6.17878e-04
1.30561e+01   6.07004e-04
1.31163e+01   5.96266e-04
1.31764e+01   5.85670e-04
1.32365e+01   5.75223e-04
1.32966e+01   5.64928e-04
1.33567e+01   5.54782e-04
1.34169e+01   5.44781e-04
1.34770e+01   5.34915e-04
1.35371e+01   5.25171e-04
1.35972e+01   5.15531e-04
1.36573e+01   5.05974e-04
1.37175e+01   4.96473e-04
1.37776e+01   4.87000e-04
1.38377e+01   4.77520e-04
1.38978e+01   4.67996e-04
1.39580e+01   4.58387e-04
1.40181e+01   4.48646e-04
1.40782e+01   4.38725e-04
1.41383e+01   4.28568e-04
1.41984e+01   4.18119e-04
1.42586e+01   4.07315e-04
1.43187e+01   3.96090e-04
1.43788e+01   3.84376e-04
1.44389e+01   3.72097e-04
1.44990e+01   3.59177e-04
1.45592e+01   3.45532e-04
1.46193e+01   3.31077e-04
1.46794e+01   3.15722e-04
1.47395e+01   2.99373e-04
1.47996e+01   2.81932e-04
1.48598e+01   2.63297e-04
1.49199e+01   2.43361e-04
1.49800e+01   2.22015e-04
