1.00000e-02   0.00000e+00
7.01205e-02   1.09193e-04
1.30241e-01   2.76546e-04
1.90361e-01   7.61068e-04
2.50482e-01   2.90802e-03
3.10602e-01   8.95658e-03
3.70723e-01   2.02266e-02
4.30843e-01   3.46788e-02
4.90964e-01   4.86951e-02
5.51084e-01   6.00520e-02
6.11205e-01   6.78600e-02
6.71325e-01   7.18986e-02
7.31446e-01   7.25238e-02
7.91566e-01   7.06474e-02
8.51687e-01   6.73900e-02
9.11807e-01   6.36067e-02
9.71928e-01   5.98234e-02
1.03205e+00   5.62439e-02
1.09217e+00   5.28784e-02
1.15229e+00   4.97148e-02
1.21241e+00   4.67416e-02
1.27253e+00   4.39477e-02
1.33265e+00   4.13227e-02
1.39277e+00   3.88566e-02
1.45289e+00   3.65399e-02
1.51301e+00   3.43637e-02
1.57313e+00   3.23196e-02
1.63325e+00   3.03997e-02
1.69337e+00   2.85966e-02
1.75349e+00   2.69036e-02
1.81361e+00   2.53143e-02
1.87373e+00   2.38229e-02
1.93386e+00   2.24242e-02
1.99398e+00   2.11133e-02
2.05410e+00   1.98857e-02
2.11422e+00   1.87368e-02
2.17434e+00   1.76623e-02
2.23446e+00   1.66581e-02
2.29458e+00   1.57200e-02
2.35470e+00   1.48441e-02
2.41482e+00   1.40267e-02
2.47494e+00   1.32642e-02
2.53506e+00   1.25529e-02
2.59518e+00   1.18897e-02
2.65530e+00   1.12712e-02
2.71542e+00   1.06944e-02
2.77554e+00   1.01563e-02
2.83566e+00   9.65427e-03
2.89578e+00   9.18551e-03
2.95590e+00   8.74756e-03
3.01602e+00   8.33805e-03
3.07614e+00   7.95474e-03
3.13627e+00   7.59554e-03
3.19639e+00   7.25851e-03
3.25651e+00   6.94183e-03
3.31663e+00   6.64384e-03
3.37675e+00   6.36302e-03
3.43687e+00   6.09796e-03
3.49699e+00   5.84744e-03
3.55711e+00   5.61034e-03
3.61723e+00   5.38569e-03
3.67735e+00   5.17267e-03
3.73747e+00   4.97060e-03
3.79759e+00   4.77893e-03
3.85771e+00   4.59725e-03
3.91783e+00   4.42518e-03
3.97795e+00   4.26235e-03
4.03807e+00   4.10843e-03
4.09819e+00   3.96305e-03
4.15831e+00   3.82587e-03
4.21843e+00   3.69657e-03
4.27855e+00   3.57480e-03
4.33867e+00   3.46024e-03
4.39880e+00   3.35259e-03
4.45892e+00   3.25152e-03
4.51904e+00   3.15674e-03
4.57916e+00   3.06795e-03
4.63928e+00   2.98487e-03
4.69940e+00   2.90720e-03
4.75952e+00   2.83468e-03
4.81964e+00   2.76702e-03
4.87976e+00   2.70398e-03
4.93988e+00   2.64529e-03
5.00000e+00   2.59070e-03
5.06012e+00   2.53997e-03
5.12024e+00   2.49286e-03
5.18036e+00   2.44915e-03
5.24048e+00   2.40860e-03
5.30060e+00   2.37101e-03
5.36072e+00   2.33616e-03
5.42084e+00   2.30385e-03
5.48096e+00   2.27388e-03
5.54108e+00   2.24607e-03
5.60120e+00   2.22022e-03
5.66133e+00   2.19616e-03
5.72145e+00   2.17372e-03
5.78157e+00   2.15274e-03
5.84169e+00   2.13305e-03
5.90181e+00   2.11452e-03
5.96193e+00   2.09699e-03
6.02205e+00   2.08032e-03
6.08217e+00   2.06440e-03
6.14229e+00   2.04908e-03
6.20241e+00   2.03426e-03
6.26253e+00   2.01983e-03
6.32265e+00   2.00567e-03
6.38277e+00   1.99169e-03
6.44289e+00   1.97781e-03
6.50301e+00   1.96393e-03
6.56313e+00   1.94998e-03
6.62325e+00   1.93588e-03
6.68337e+00   1.92158e-03
6.74349e+00   1.90702e-03
6.80361e+00   1.89213e-03
6.86373e+00   1.87689e-03
6.92386e+00   1.86124e-03
6.98398e+00   1.84517e-03
7.04410e+00   1.82863e-03
7.10422e+00   1.81163e-03
7.16434e+00   1.79413e-03
7.22446e+00   1.77615e-03
7.28458e+00   1.75768e-03
7.34470e+00   1.73872e-03
7.40482e+00   1.71930e-03
7.46494e+00   1.69943e-03
7.52506e+00   1.67915e-03
7.58518e+00   1.65848e-03
7.64530e+00   1.63747e-03
7.70542e+00   1.61613e-03
7.76554e+00   1.59452e-03
7.82566e+00   1.57266e-03
7.88578e+00   1.55057e-03
7.94590e+00   1.52830e-03
8.00602e+00   1.50588e-03
8.06614e+00   1.48332e-03
8.12627e+00   1.46067e-03
8.18639e+00   1.43794e-03
8.24651e+00   1.41517e-03
8.30663e+00   1.39238e-03
8.36675e+00   1.36960e-03
8.42687e+00   1.34685e-03
8.48699e+00   1.32416e-03
8.54711e+00   1.30155e-03
8.60723e+00   1.27905e-03
8.66735e+00   1.25667e-03
8.72747e+00   1.23443e-03
8.78759e+00   1.21236e-03
8.84771e+00   1.19048e-03
8.90783e+00   1.16881e-03
8.96795e+00   1.14736e-03
9.02807e+00   1.12615e-03
9.08819e+00   1.10521e-03
9.14831e+00   1.08453e-03
9.20843e+00   1.06415e-03
9.26855e+00   1.04407e-03
9.32867e+00   1.02432e-03
9.38880e+00   1.00489e-03
9.44892e+00   9.85810e-04
9.50904e+00   9.67086e-04
9.56916e+00   9.48730e-04
9.62928e+00   9.30751e-04
9.68940e+00   9.13159e-04
9.74952e+00   8.95964e-04
9.80964e+00   8.79173e-04
9.86976e+00   8.62793e-04
9.92988e+00   8.46832e-04
9.99000e+00   8.31294e-04
1.00501e+01   8.16185e-04
1.01102e+01   8.01510e-04
1.01704e+01   7.87272e-04
1.02305e+01   7.73473e-04
1.02906e+01   7.60117e-04
1.03507e+01   7.47204e-04
1.04108e+01   7.34736e-04
1.04710e+01   7.22711e-04
1.05311e+01   7.11130e-04
1.05912e+01   6.99991e-04
1.06513e+01   6.89291e-04
1.07114e+01   6.79028e-04
1.07716e+01   6.69198e-04
1.08317e+01   6.59796e-04
1.08918e+01   6.50818e-04
1.09519e+01   6.42257e-04
1.10120e+01   6.34106e-04
1.10722e+01   6.26359e-04
1.11323e+01   6.19007e-04
1.11924e+01   6.12041e-04
1.12525e+01   6.05452e-04
1.13127e+01   5.99229e-04
1.13728e+01   5.93361e-04
1.14329e+01   5.87837e-04
1.14930e+01   5.82643e-04
1.15531e+01   5.77767e-04
1.16133e+01   5.73194e-04
1.16734e+01   5.68911e-04
1.17335e+01   5.64900e-04
1.17936e+01   5.61147e-04
1.18537e+01   5.57633e-04
1.19139e+01   5.54342e-04
1.19740e+01   5.51255e-04
1.20341e+01   5.48353e-04
1.20942e+01   5.45615e-04
1.21543e+01   5.43022e-04
1.22145e+01   5.40551e-04
1.22746e+01   5.38182e-04
1.23347e+01   5.35890e-04
1.23948e+01   5.33652e-04
1.24549e+01   5.31444e-04
1.25151e+01   5.29241e-04
1.25752e+01   5.27017e-04
1.26353e+01   5.24746e-04
1.26954e+01   5.22400e-04
1.27555e+01   5.19951e-04
1.28157e+01   5.17371e-04
1.28758e+01   5.14630e-04
1.29359e+01   5.11698e-04
1.29960e+01   5.08543e-04
1.30561e+01   5.05135e-04
1.31163e+01   5.01441e-04
1.31764e+01   4.97427e-04
1.32365e+01   4.93060e-04
1.32966e+01   4.88305e-04
1.33567e+01   4.83127e-04
1.34169e+01   4.77489e-04
1.34770e+01   4.71356e-04
1.35371e+01   4.64689e-04
1.35972e+01   4.57449e-04
1.36573e+01   4.49599e-04
1.37175e+01   4.41098e-04
1.37776e+01   4.31905e-04
1.38377e+01   4.21980e-04
1.38978e+01   4.11280e-04
1.39580e+01   3.99763e-04
1.40181e+01   3.87385e-04
1.40782e+01   3.74102e-04
1.41383e+01   3.59869e-04
1.41984e+01   3.44641e-04
1.42586e+01   3.28371e-04
1.43187e+01   3.11011e-04
1.43788e+01   2.92515e-04
1.44389e+01   2.72833e-04
1.44990e+01   2.51917e-04
1.45592e+01   2.29715e-04
1.46193e+01   2.06178e-04
1.46794e+01   1.81253e-04
1.47395e+01   1.54889e-04
1.47996e+01   1.27032e-04
1.48598e+01   9.76283e-05
1.49199e+01   6.66240e-05
1.49800e+01   3.39637e-05
