3.20000e-01   8.78341e-04
3.78876e-01   4.24308e-03
4.37751e-01   1.52836e-02
4.96627e-01   2.96418e-02
5.55502e-01   4.40331e-02
6.14378e-01   5.62444e-02
6.73253e-01   6.50388e-02
7.32129e-01   6.99176e-02
7.91004e-01   7.10558e-02
8.49880e-01   6.92984e-02
9.08755e-01   6.59577e-02
9.67631e-01   6.22083e-02
1.02651e+00   5.88905e-02
1.08538e+00   5.65083e-02
1.14426e+00   5.52421e-02
1.20313e+00   5.49941e-02
1.26201e+00   5.54062e-02
1.32088e+00   5.58837e-02
1.37976e+00   5.58273e-02
1.43863e+00   5.48490e-02
1.49751e+00   5.27899e-02
1.55639e+00   4.97186e-02
1.61526e+00   4.59099e-02
1.67414e+00   4.18083e-02
1.73301e+00   3.78351e-02
1.79189e+00   3.41685e-02
1.85076e+00   3.08256e-02
1.90964e+00   2.78019e-02
1.96851e+00   2.50893e-02
2.02739e+00   2.26758e-02
2.08627e+00   2.05461e-02
2.14514e+00   1.86808e-02
2.20402e+00   1.70572e-02
2.26289e+00   1.56494e-02
2.32177e+00   1.44321e-02
2.38064e+00   1.33816e-02
2.43952e+00   1.24758e-02
2.49839e+00   1.16945e-02
2.55727e+00   1.10190e-02
2.61614e+00   1.04324e-02
2.67502e+00   9.91927e-03
2.73390e+00   9.46618e-03
2.79277e+00   9.06120e-03
2.85165e+00   8.69412e-03
2.91052e+00   8.35643e-03
2.96940e+00   8.04131e-03
3.02827e+00   7.74362e-03
3.08715e+00   7.45991e-03
3.14602e+00   7.18839e-03
3.20490e+00   6.92836e-03
3.26378e+00   6.67932e-03
3.32265e+00   6.44075e-03
3.38153e+00   6.21218e-03
3.44040e+00   5.99317e-03
3.49928e+00   5.78328e-03
3.55815e+00   5.58210e-03
3.61703e+00   5.38925e-03
3.67590e+00   5.20436e-03
3.73478e+00   5.02710e-03
3.79365e+00   4.85715e-03
3.85253e+00   4.69420e-03
3.91141e+00   4.53800e-03
3.97028e+00   4.38828e-03
4.02916e+00   4.24481e-03
4.08803e+00   4.10740e-03
4.14691e+00   3.97585e-03
4.20578e+00   3.84995e-03
4.26466e+00   3.72953e-03
4.32353e+00   3.61439e-03
4.38241e+00   3.50436e-03
4.44129e+00   3.39925e-03
4.50016e+00   3.29889e-03
4.55904e+00   3.20310e-03
4.61791e+00   3.11171e-03
4.67679e+00   3.02456e-03
4.73566e+00   2.94148e-03
4.79454e+00   2.86232e-03
4.85341e+00   2.78691e-03
4.91229e+00   2.71511e-03
4.97116e+00   2.64675e-03
5.03004e+00   2.58171e-03
5.08892e+00   2.51982e-03
5.14779e+00   2.46095e-03
5.20667e+00   2.40497e-03
5.26554e+00   2.35174e-03
5.32442e+00   2.30112e-03
5.38329e+00   2.25300e-03
5.44217e+00   2.20724e-03
5.50104e+00   2.16373e-03
5.55992e+00   2.12234e-03
5.61880e+00   2.08297e-03
5.67767e+00   2.04550e-03
5.73655e+00   2.00983e-03
5.79542e+00   1.97584e-03
5.85430e+00   1.94345e-03
5.91317e+00   1.91254e-03
5.97205e+00   1.88303e-03
6.03092e+00   1.85482e-03
6.08980e+00   1.82782e-03
6.14867e+00   1.80196e-03
6.20755e+00   1.77714e-03
6.26643e+00   1.75329e-03
6.32530e+00   1.73034e-03
6.38418e+00   1.70821e-03
6.44305e+00   1.68683e-03
6.50193e+00   1.66614e-03
6.56080e+00   1.64607e-03
6.61968e+00   1.62658e-03
6.67855e+00   1.60759e-03
6.73743e+00   1.58906e-03
6.79631e+00   1.57093e-03
6.85518e+00   1.55318e-03
6.91406e+00   1.53574e-03
6.97293e+00   1.51858e-03
7.03181e+00   1.50167e-03
7.09068e+00   1.48496e-03
7.14956e+00   1.46844e-03
7.20843e+00   1.45208e-03
7.26731e+00   1.43585e-03
7.32618e+00   1.41973e-03
7.38506e+00   1.40371e-03
7.44394e+00   1.38777e-03
7.50281e+00   1.37190e-03
7.56169e+00   1.35610e-03
7.62056e+00   1.34036e-03
7.67944e+00   1.32468e-03
7.73831e+00   1.30907e-03
7.79719e+00   1.29352e-03
7.85606e+00   1.27805e-03
7.91494e+00   1.26265e-03
7.97382e+00   1.24733e-03
8.03269e+00   1.23209e-03
8.09157e+00   1.21693e-03
8.15044e+00   1.20186e-03
8.20932e+00   1.18689e-03
8.26819e+00   1.17200e-03
8.32707e+00   1.15721e-03
8.38594e+00   1.14252e-03
8.44482e+00   1.12792e-03
8.50369e+00   1.11343e-03
8.56257e+00   1.09905e-03
8.62145e+00   1.08477e-03
8.68032e+00   1.07061e-03
8.73920e+00   1.05655e-03
8.79807e+00   1.04261e-03
8.85695e+00   1.02878e-03
8.91582e+00   1.01507e-03
8.97470e+00   1.00148e-03
9.03357e+00   9.88012e-04
9.09245e+00   9.74665e-04
9.15133e+00   9.61441e-04
9.21020e+00   9.48343e-04
9.26908e+00   9.35371e-04
9.32795e+00   9.22527e-04
9.38683e+00   9.09811e-04
9.44570e+00   8.97225e-04
9.50458e+00   8.84770e-04
9.56345e+00   8.72447e-04
9.62233e+00   8.60255e-04
9.68120e+00   8.48197e-04
9.74008e+00   8.36272e-04
9.79896e+00   8.24481e-04
9.85783e+00   8.12825e-04
9.91671e+00   8.01303e-04
9.97558e+00   7.89916e-04
1.00345e+01   7.78665e-04
1.00933e+01   7.67549e-04
1.01522e+01   7.56568e-04
1.02111e+01   7.45722e-04
1.02700e+01   7.35011e-04
1.03288e+01   7.24435e-04
1.03877e+01   7.13993e-04
1.04466e+01   7.03685e-04
1.05055e+01   6.93510e-04
1.05643e+01   6.83468e-04
1.06232e+01   6.73558e-04
1.06821e+01   6.63779e-04
1.07410e+01   6.54130e-04
1.07998e+01   6.44610e-04
1.08587e+01   6.35219e-04
1.09176e+01   6.25954e-04
1.09765e+01   6.16815e-04
1.10353e+01   6.07801e-04
1.10942e+01   5.98910e-04
1.11531e+01   5.90140e-04
1.12120e+01   5.81490e-04
1.12708e+01   5.72959e-04
1.13297e+01   5.64544e-04
1.13886e+01   5.56243e-04
1.14475e+01   5.48055e-04
1.15063e+01   5.39978e-04
1.15652e+01   5.32010e-04
1.16241e+01   5.24148e-04
1.16830e+01   5.16389e-04
1.17418e+01   5.08733e-04
1.18007e+01   5.01176e-04
1.18596e+01   4.93715e-04
1.19185e+01   4.86349e-04
1.19773e+01   4.79073e-04
1.20362e+01   4.71887e-04
1.20951e+01   4.64785e-04
1.21540e+01   4.57767e-04
1.22129e+01   4.50828e-04
1.22717e+01   4.43965e-04
1.23306e+01   4.37175e-04
1.23895e+01   4.30456e-04
1.24484e+01   4.23802e-04
1.25072e+01   4.17211e-04
1.25661e+01   4.10680e-04
1.26250e+01   4.04204e-04
1.26839e+01   3.97780e-04
1.27427e+01   3.91404e-04
1.28016e+01   3.85072e-04
1.28605e+01   3.78780e-04
1.29194e+01   3.72523e-04
1.29782e+01   3.66298e-04
1.30371e+01   3.60101e-04
1.30960e+01   3.53926e-04
1.31549e+01   3.47770e-04
1.32137e+01   3.41628e-04
1.32726e+01   3.35495e-04
1.33315e+01   3.29367e-04
1.33904e+01   3.23238e-04
1.34492e+01   3.17104e-04
1.35081e+01   3.10960e-04
1.35670e+01   3.04801e-04
1.36259e+01   2.98621e-04
1.36847e+01   2.92415e-04
1.37436e+01   2.86179e-04
1.38025e+01   2.79905e-04
1.38614e+01   2.73590e-04
1.39202e+01   2.67228e-04
1.39791e+01   2.60812e-04
1.40380e+01   2.54337e-04
1.40969e+01   2.47797e-04
1.41557e+01   2.41186e-04
1.42146e+01   2.34498e-04
1.42735e+01   2.27727e-04
1.43324e+01   2.20867e-04
1.43912e+01   2.13911e-04
1.44501e+01   2.06854e-04
1.45090e+01   1.99687e-04
1.45679e+01   1.92406e-04
1.46267e+01   1.85003e-04
1.46856e+01   1.77472e-04
1.47445e+01   1.69806e-04
1.48034e+01   1.61997e-04
1.48622e+01   1.54039e-04
1.49211e+01   1.45925e-04
1.49800e+01   1.37648e-04
