1.00000e-02   7.40398e-04
7.01205e-02   0.00000e+00
1.30241e-01   3.28260e-04
1.90361e-01   4.00194e-04
2.50482e-01   0.00000e+00
3.10602e-01   0.00000e+00
3.70723e-01   4.48720e-03
4.30843e-01   1.41780e-02
4.90964e-01   2.80865e-02
5.51084e-01   4.32539e-02
6.11205e-01   5.61174e-02
6.71325e-01   6.44350e-02
7.31446e-01   6.75515e-02
7.91566e-01   6.63680e-02
8.51687e-01   6.28116e-02
9.11807e-01   5.90458e-02
9.71928e-01   5.62393e-02
1.03205e+00   5.31877e-02
1.09217e+00   4.86779e-02
1.15229e+00   4.47287e-02
1.21241e+00   4.37464e-02
1.27253e+00   4.43362e-02
1.33265e+00   4.38928e-02
1.39277e+00   4.26016e-02
1.45289e+00   4.13188e-02
1.51301e+00   3.94073e-02
1.57313e+00   3.68953e-02
1.63325e+00   3.40016e-02
1.69337e+00   3.09419e-02
1.75349e+00   2.79268e-02
1.81361e+00   2.51313e-02
1.87373e+00   2.26558e-02
1.93386e+00   2.05216e-02
1.99398e+00   1.86901e-02
2.05410e+00   1.71139e-02
2.11422e+00   1.57507e-02
2.17434e+00   1.45640e-02
2.23446e+00   1.35224e-02
2.29458e+00   1.26002e-02
2.35470e+00   1.17771e-02
2.41482e+00   1.10384e-02
2.47494e+00   1.03735e-02
2.53506e+00   9.77375e-03
2.59518e+00   9.23113e-03
2.65530e+00   8.73854e-03
2.71542e+00   8.28979e-03
2.77554e+00   7.87949e-03
2.83566e+00   7.50315e-03
2.89578e+00   7.15713e-03
2.95590e+00   6.83848e-03
3.01602e+00   6.54452e-03
3.07614e+00   6.27278e-03
3.13627e+00   6.02092e-03
3.19639e+00   5.78680e-03
3.25651e+00   5.56846e-03
3.31663e+00   5.36411e-03
3.37675e+00   5.17211e-03
3.43687e+00   4.99104e-03
3.49699e+00   4.81961e-03
3.55711e+00   4.65674e-03
3.61723e+00   4.50150e-03
3.67735e+00   4.35315e-03
3.73747e+00   4.21112e-03
3.79759e+00   4.07500e-03
3.85771e+00   3.94457e-03
3.91783e+00   3.81962e-03
3.97795e+00   3.69999e-03
4.03807e+00   3.58550e-03
4.09819e+00   3.47597e-03
4.15831e+00   3.37123e-03
4.21843e+00   3.27111e-03
4.27855e+00   3.17545e-03
4.33867e+00   3.08409e-03
4.39880e+00   2.99686e-03
4.45892e+00   2.91362e-03
4.51904e+00   2.83421e-03
4.57916e+00   2.75848e-03
4.63928e+00   2.68628e-03
4.69940e+00   2.61747e-03
4.75952e+00   2.55191e-03
4.81964e+00   2.48946e-03
4.87976e+00   2.42999e-03
4.93988e+00   2.37337e-03
5.00000e+00   2.31947e-03
5.06012e+00   2.26816e-03
5.12024e+00   2.21932e-03
5.18036e+00   2.17283e-03
5.24048e+00   2.12858e-03
5.30060e+00   2.08645e-03
5.36072e+00   2.04633e-03
5.42084e+00   2.00812e-03
5.48096e+00   1.97171e-03
5.54108e+00   1.93701e-03
5.60120e+00   1.90391e-03
5.66133e+00   1.87231e-03
5.72145e+00   1.84213e-03
5.78157e+00   1.81329e-03
5.84169e+00   1.78568e-03
5.90181e+00   1.75924e-03
5.96193e+00   1.73387e-03
6.02205e+00   1.70952e-03
6.08217e+00   1.68609e-03
6.14229e+00   1.66352e-03
6.20241e+00   1.64175e-03
6.26253e+00   1.62071e-03
6.32265e+00   1.60033e-03
6.38277e+00   1.58057e-03
6.44289e+00   1.56136e-03
6.50301e+00   1.54265e-03
6.56313e+00   1.52440e-03
6.62325e+00   1.50656e-03
6.68337e+00   1.48908e-03
6.74349e+00   1.47193e-03
6.80361e+00   1.45506e-03
6.86373e+00   1.43846e-03
6.92386e+00   1.42207e-03
6.98398e+00   1.40589e-03
7.04410e+00   1.38987e-03
7.10422e+00   1.37401e-03
7.16434e+00   1.35827e-03
7.22446e+00   1.34266e-03
7.28458e+00   1.32715e-03
7.34470e+00   1.31173e-03
7.40482e+00   1.29641e-03
7.46494e+00   1.28117e-03
7.52506e+00   1.26601e-03
7.58518e+00   1.25094e-03
7.64530e+00   1.23596e-03
7.70542e+00   1.22108e-03
7.76554e+00   1.20629e-03
7.82566e+00   1.19160e-03
7.88578e+00   1.17702e-03
7.94590e+00   1.16254e-03
8.00602e+00   1.14816e-03
8.06614e+00   1.13390e-03
8.12627e+00   1.11974e-03
8.18639e+00   1.10570e-03
8.24651e+00   1.09178e-03
8.30663e+00   1.07798e-03
8.36675e+00   1.06429e-03
8.42687e+00   1.05073e-03
8.48699e+00   1.03729e-03
8.54711e+00   1.02397e-03
8.60723e+00   1.01078e-03
8.66735e+00   9.97723e-04
8.72747e+00   9.84793e-04
8.78759e+00   9.71993e-04
8.84771e+00   9.59326e-04
8.90783e+00   9.46792e-04
8.96795e+00   9.34392e-04
9.02807e+00   9.22127e-04
9.08819e+00   9.09998e-04
9.14831e+00   8.98006e-04
9.20843e+00   8.86151e-04
9.26855e+00   8.74434e-04
9.32867e+00   8.62855e-04
9.38880e+00   8.51415e-04
9.44892e+00   8.40114e-04
9.50904e+00   8.28952e-04
9.56916e+00   8.17929e-04
9.62928e+00   8.07045e-04
9.68940e+00   7.96301e-04
9.74952e+00   7.85696e-04
9.80964e+00   7.75229e-04
9.86976e+00   7.64901e-04
9.92988e+00   7.54710e-04
9.99000e+00   7.44657e-04
1.00501e+01   7.34741e-04
1.01102e+01   7.24960e-04
1.01704e+01   7.15315e-04
1.02305e+01   7.05803e-04
1.02906e+01   6.96425e-04
1.03507e+01   6.87179e-04
1.04108e+01   6.78064e-04
1.04710e+01   6.69078e-04
1.05311e+01   6.60220e-04
1.05912e+01   6.51490e-04
1.06513e+01   6.42884e-04
1.07114e+01   6.34402e-04
1.07716e+01   6.26042e-04
1.08317e+01   6.17801e-04
1.08918e+01   6.09679e-04
1.09519e+01   6.01672e-04
1.10120e+01   5.93780e-04
1.10722e+01   5.85998e-04
1.11323e+01   5.78327e-04
1.11924e+01   5.70762e-04
1.12525e+01   5.63302e-04
1.13127e+01   5.55943e-04
1.13728e+01   5.48684e-04
1.14329e+01   5.41521e-04
1.14930e+01   5.34452e-04
1.15531e+01   5.27474e-04
1.16133e+01   5.20583e-04
1.16734e+01   5.13776e-04
1.17335e+01   5.07051e-04
1.17936e+01   5.00404e-04
1.18537e+01   4.93832e-04
1.19139e+01   4.87330e-04
1.19740e+01   4.80896e-04
1.20341e+01   4.74526e-04
1.20942e+01   4.68216e-04
1.21543e+01   4.61962e-04
1.22145e+01   4.55760e-04
1.22746e+01   4.49607e-04
1.23347e+01   4.43497e-04
1.23948e+01   4.37427e-04
1.24549e+01   4.31393e-04
1.25151e+01   4.25390e-04
1.25752e+01   4.19413e-04
1.26353e+01   4.13459e-04
1.26954e+01   4.07521e-04
1.27555e+01   4.01596e-04
1.28157e+01   3.95679e-04
1.28758e+01   3.89765e-04
1.29359e+01   3.83847e-04
1.29960e+01   3.77923e-04
1.30561e+01   3.71986e-04
1.31163e+01   3.66030e-04
1.31764e+01   3.60051e-04
1.32365e+01   3.54043e-04
1.32966e+01   3.48000e-04
1.33567e+01   3.41917e-04
1.34169e+01   3.35787e-04
1.34770e+01   3.29606e-04
1.35371e+01   3.23366e-04
1.35972e+01   3.17063e-04
1.36573e+01   3.10689e-04
1.37175e+01   3.04239e-04
1.37776e+01   2.97705e-04
1.38377e+01   2.91083e-04
1.38978e+01   2.84364e-04
1.39580e+01   2.77544e-04
1.40181e+01   2.70614e-04
1.40782e+01   2.63568e-04
1.41383e+01   2.56399e-04
1.41984e+01   2.49100e-04
1.42586e+01   2.41664e-04
1.43187e+01   2.34085e-04
1.43788e+01   2.26354e-04
1.44389e+01   2.18464e-04
1.44990e+01   2.10408e-04
1.45592e+01   2.02178e-04
1.46193e+01   1.93767e-04
1.46794e+01   1.85167e-04
1.47395e+01   1.76370e-04
1.47996e+01   1.67368e-04
1.48598e+01   1.58153e-04
1.49199e+01   1.48718e-04
1.49800e+01   1.39053e-04
