1.00000e-01   6.43077e-03
1.59759e-01   5.52143e-04
2.19518e-01   0.00000e+00
2.79277e-01   4.80261e-03
3.39036e-01   1.60932e-02
3.98795e-01   3.42436e-02
4.58554e-01   5.81148e-02
5.18313e-01   8.38039e-02
5.78072e-01   1.07154e-01
6.37831e-01   1.24034e-01
6.97590e-01   1.32457e-01
7.57349e-01   1.34081e-01
8.17108e-01   1.30920e-01
8.76867e-01   1.24981e-01
9.36627e-01   1.17865e-01
9.96386e-01   1.10445e-01
1.05614e+00   1.03516e-01
1.11590e+00   9.78712e-02
1.17566e+00   9.38629e-02
1.23542e+00   9.10213e-02
1.29518e+00   8.87878e-02
1.35494e+00   8.66051e-02
1.41470e+00   8.40466e-02
1.47446e+00   8.09404e-02
1.53422e+00   7.71438e-02
1.59398e+00   7.25154e-02
1.65373e+00   6.71009e-02
1.71349e+00   6.13254e-02
1.77325e+00   5.56604e-02
1.83301e+00   5.05760e-02
1.89277e+00   4.63406e-02
1.95253e+00   4.27939e-02
2.01229e+00   3.97209e-02
2.07205e+00   3.69290e-02
2.13181e+00   3.43579e-02
2.19157e+00   3.19960e-02
2.25133e+00   2.98315e-02
2.31108e+00   2.78528e-02
2.37084e+00   2.60482e-02
2.43060e+00   2.44060e-02
2.49036e+00   2.29145e-02
2.55012e+00   2.15621e-02
2.60988e+00   2.03371e-02
2.66964e+00   1.92279e-02
2.72940e+00   1.82226e-02
2.78916e+00   1.73097e-02
2.84892e+00   1.64775e-02
2.90867e+00   1.57143e-02
2.96843e+00   1.50086e-02
3.02819e+00   1.43530e-02
3.08795e+00   1.37444e-02
3.14771e+00   1.31799e-02
3.20747e+00   1.26568e-02
3.26723e+00   1.21722e-02
3.32699e+00   1.17232e-02
3.38675e+00   1.13070e-02
3.44651e+00   1.09208e-02
3.50627e+00   1.05616e-02
3.56602e+00   1.02268e-02
3.62578e+00   9.91334e-03
3.68554e+00   9.61847e-03
3.74530e+00   9.33933e-03
3.80506e+00   9.07308e-03
3.86482e+00   8.81687e-03
3.92458e+00   8.56844e-03
3.98434e+00   8.32731e-03
4.04410e+00   8.09336e-03
4.10386e+00   7.86646e-03
4.16361e+00   7.64651e-03
4.22337e+00   7.43337e-03
4.28313e+00   7.22692e-03
4.34289e+00   7.02706e-03
4.40265e+00   6.83365e-03
4.46241e+00   6.64657e-03
4.52217e+00   6.46571e-03
4.58193e+00   6.29095e-03
4.64169e+00   6.12215e-03
4.70145e+00   5.95921e-03
4.76120e+00   5.80201e-03
4.82096e+00   5.65041e-03
4.88072e+00   5.50431e-03
4.94048e+00   5.36357e-03
5.00024e+00   5.22809e-03
5.06000e+00   5.09774e-03
5.11976e+00   4.97240e-03
5.17952e+00   4.85194e-03
5.23928e+00   4.73626e-03
5.29904e+00   4.62522e-03
5.35880e+00   4.51870e-03
5.41855e+00   4.41660e-03
5.47831e+00   4.31878e-03
5.53807e+00   4.22513e-03
5.59783e+00   4.13552e-03
5.65759e+00   4.04983e-03
5.71735e+00   3.96795e-03
5.77711e+00   3.88976e-03
5.83687e+00   3.81512e-03
5.89663e+00   3.74393e-03
5.95639e+00   3.67606e-03
6.01614e+00   3.61139e-03
6.07590e+00   3.54980e-03
6.13566e+00   3.49117e-03
6.19542e+00   3.43538e-03
6.25518e+00   3.38231e-03
6.31494e+00   3.33184e-03
6.37470e+00   3.28385e-03
6.43446e+00   3.23821e-03
6.49422e+00   3.19481e-03
6.55398e+00   3.15353e-03
6.61373e+00   3.11424e-03
6.67349e+00   3.07683e-03
6.73325e+00   3.04117e-03
6.79301e+00   3.00714e-03
6.85277e+00   2.97463e-03
6.91253e+00   2.94352e-03
6.97229e+00   2.91367e-03
7.03205e+00   2.88498e-03
7.09181e+00   2.85732e-03
7.15157e+00   2.83057e-03
7.21133e+00   2.80461e-03
7.27108e+00   2.77932e-03
7.33084e+00   2.75457e-03
7.39060e+00   2.73026e-03
7.45036e+00   2.70626e-03
7.51012e+00   2.68244e-03
7.56988e+00   2.65869e-03
7.62964e+00   2.63490e-03
7.68940e+00   2.61104e-03
7.74916e+00   2.58711e-03
7.80892e+00   2.56312e-03
7.86867e+00   2.53907e-03
7.92843e+00   2.51497e-03
7.98819e+00   2.49081e-03
8.04795e+00   2.46662e-03
8.10771e+00   2.44238e-03
8.16747e+00   2.41810e-03
8.22723e+00   2.39379e-03
8.28699e+00   2.36946e-03
8.34675e+00   2.34509e-03
8.40651e+00   2.32071e-03
8.46627e+00   2.29631e-03
8.52602e+00   2.27190e-03
8.58578e+00   2.24748e-03
8.64554e+00   2.22306e-03
8.70530e+00   2.19864e-03
8.76506e+00   2.17422e-03
8.82482e+00   2.14981e-03
8.88458e+00   2.12542e-03
8.94434e+00   2.10104e-03
9.00410e+00   2.07668e-03
9.06386e+00   2.05235e-03
9.12361e+00   2.02804e-03
9.18337e+00   2.00377e-03
9.24313e+00   1.97954e-03
9.30289e+00   1.95535e-03
9.36265e+00   1.93121e-03
9.42241e+00   1.90712e-03
9.48217e+00   1.88308e-03
9.54193e+00   1.85910e-03
9.60169e+00   1.83518e-03
9.66145e+00   1.81133e-03
9.72120e+00   1.78756e-03
9.78096e+00   1.76385e-03
9.84072e+00   1.74023e-03
9.90048e+00   1.71669e-03
9.96024e+00   1.69324e-03
1.00200e+01   1.66988e-03
1.00798e+01   1.64662e-03
1.01395e+01   1.62345e-03
1.01993e+01   1.60039e-03
1.02590e+01   1.57744e-03
1.03188e+01   1.55461e-03
1.03786e+01   1.53189e-03
1.04383e+01   1.50929e-03
1.04981e+01   1.48682e-03
1.05578e+01   1.46447e-03
1.06176e+01   1.44226e-03
1.06773e+01   1.42019e-03
1.07371e+01   1.39826e-03
1.07969e+01   1.37648e-03
1.08566e+01   1.35484e-03
1.09164e+01   1.33336e-03
1.09761e+01   1.31204e-03
1.10359e+01   1.29089e-03
1.10957e+01   1.26990e-03
1.11554e+01   1.24908e-03
1.12152e+01   1.22843e-03
1.12749e+01   1.20797e-03
1.13347e+01   1.18769e-03
1.13945e+01   1.16760e-03
1.14542e+01   1.14770e-03
1.15140e+01   1.12799e-03
1.15737e+01   1.10849e-03
1.16335e+01   1.08919e-03
1.16933e+01   1.07010e-03
1.17530e+01   1.05122e-03
1.18128e+01   1.03256e-03
1.18725e+01   1.01412e-03
1.19323e+01   9.95907e-04
1.19920e+01   9.77923e-04
1.20518e+01   9.60172e-04
1.21116e+01   9.42660e-04
1.21713e+01   9.25389e-04
1.22311e+01   9.08365e-04
1.22908e+01   8.91591e-04
1.23506e+01   8.75071e-04
1.24104e+01   8.58810e-04
1.24701e+01   8.42813e-04
1.25299e+01   8.27082e-04
1.25896e+01   8.11622e-04
1.26494e+01   7.96438e-04
1.27092e+01   7.81533e-04
1.27689e+01   7.66913e-04
1.28287e+01   7.52580e-04
1.28884e+01   7.38539e-04
1.29482e+01   7.24794e-04
1.30080e+01   7.11350e-04
1.30677e+01   6.98210e-04
1.31275e+01   6.85379e-04
1.31872e+01   6.72861e-04
1.32470e+01   6.60660e-04
1.33067e+01   6.48780e-04
1.33665e+01   6.37226e-04
1.34263e+01   6.26001e-04
1.34860e+01   6.15110e-04
1.35458e+01   6.04556e-04
1.36055e+01   5.94345e-04
1.36653e+01   5.84480e-04
1.37251e+01   5.74966e-04
1.37848e+01   5.65806e-04
1.38446e+01   5.57004e-04
1.39043e+01   5.48566e-04
1.39641e+01   5.40495e-04
1.40239e+01   5.32795e-04
1.40836e+01   5.25470e-04
1.41434e+01   5.18525e-04
1.42031e+01   5.11964e-04
1.42629e+01   5.05790e-04
1.43227e+01   5.00009e-04
1.43824e+01   4.94624e-04
1.44422e+01   4.89639e-04
1.45019e+01   4.85059e-04
1.45617e+01   4.80887e-04
1.46214e+01   4.77129e-04
1.46812e+01   4.73787e-04
1.47410e+01   4.70867e-04
1.48007e+01   4.68372e-04
1.48605e+01   4.66307e-04
1.49202e+01   4.64676e-04
1.49800e+01   4.63482e-04
